				-----------------------------
				GENERATION DATA - RTS96-REN-T
				-----------------------------

-------------------------------------
STOCHASTIC DATA (per generator class)
-------------------------------------

+--+ +-----------+ +-------+ +-------+
 No      CLASS       FAILURE    MTTR
                        RATE     [h]
                    [occ./y]
+--+ +-----------+ +-------+ +-------+
  01 OIL___012_MW   2.979592  60.00000
  02 OIL___020_MW  19.466670  50.00000
  03 HYDRO_1        4.424242  20.00000
  04 OIL___100_MW   7.300000  50.00000
  05 COAL__155_MW   9.125000  40.00000
  06 COAL__350_MW   7.617391 100.00000
  07 LWR___400_MW   7.963636 150.00000 LWR: Light-Water Reactor
  08 HYDRO_2        6.044400  12.68392
  09 HYDRO_3        7.621200  24.39024
  10 WIND           4.000000  90.00000
+--+ +-----------+ +-------+ +-------+

-------------------------------------------
DETERMINISTIC DATA (per generating station)
-------------------------------------------

+--+ +-+ +---+ +---+ +------+ +------+ +----------+
 No  BUS UNITS CLASS MIN [MW] MAX [MW] COST [$/MWh]
+--+ +-+ +---+ +---+ +------+ +------+ +----------+
  01 101   002    02   005.00   020.00         1.00
  02 101   319    10   000.00   002.50         1.00
  03 102   002    02   005.00   020.00         1.00
  04 102   002    08   000.00   084.00         1.00
  05 107   003    04   030.00   100.00         1.00
  06 113   003    09   000.00   212.00         1.00
  07 115   005    01   003.00   012.00         1.00
  08 115   325    10   000.00   002.50         1.00
  09 116   001    05   040.00   155.00         1.00
  10 118   001    07   100.00   400.00         1.00
  11 121   001    07   100.00   400.00         1.00
  12 122   006    03   008.00   050.00         1.00
  13 123   002    05   040.00   155.00         1.00
  14 123   001    06   075.00   350.00         1.00
  15 201   002    02   005.00   020.00         1.00
  16 201   181    10   000.00   002.50         1.00
  17 202   002    02   005.00   020.00         1.00
  18 202   002    08   000.00   080.00         1.00
  19 207   003    04   030.00   100.00         1.00
  20 213   003    09   000.00   253.00         1.00
  21 215   005    01   003.00   012.00         1.00
  22 215   184    10   000.00   002.50         1.00
  23 216   001    05   040.00   155.00         1.00
  24 218   001    07   100.00   400.00         1.00
  25 221   001    07   100.00   400.00         1.00
  26 222   006    03   008.00   050.00         1.00
  27 223   002    05   040.00   155.00         1.00
  28 223   001    06   075.00   350.00         1.00
  29 301   002    02   005.00   020.00         1.00
  30 301   285    10   000.00   002.50         1.00
  31 302   002    02   005.00   020.00         1.00
  32 302   002    08   000.00   096.00         1.00
  33 307   003    04   030.00   100.00         1.00
  34 313   003    09   000.00   352.00         1.00
  35 315   005    01   003.00   012.00         1.00
  36 315   290    10   000.00   002.50         1.00
  37 316   001    05   040.00   155.00         1.00
  38 318   001    07   100.00   400.00         1.00
  39 321   001    07   100.00   400.00         1.00
  40 322   006    03   008.00   050.00         1.00
  41 323   002    05   040.00   155.00         1.00
  42 323   001    06   075.00   350.00         1.00
+--+ +-+ +---+ +---+ +------+ +------+ +----------+